%YAML:1.0
---
intrinsic:
   height: 512
   width: 1392
   fx: 9.037596e+02
   fy: 9.019653e+02
   cx: 6.957519e+02
   cy: 2.242509e+02
   d0: -3.639558e-01
   d1: 1.788651e-01
   d2: 6.029694e-04
   d3: -3.922424e-04
   d4: -5.382460e-02
