%YAML:1.0
---
intrinsic:
   fx: 980
   fy: 980
   cx: 690
   cy: 230
